Plot	EP_Plotid	Plotid	Exploratory	soilTypeWRB	LUI (landuseindex)	landuse	animals	cuts	fertilisation	grasslandproductivity_biomass_g	Total_C	Inorganic_C	Organic_C	Total_N	CN_ratio	pH	Pmic	Clay	Fine_Silt	Medium_Silt	Coarse_Silt	Fine_Sand	Medium_Sand	Coarse_Sand	Delta_13C	Fine_Roots_Biomass	Coarse_Roots_Biomass	soil_moisture	swc	NH4	NO3	Nmin	EIC	EOC	EN	Cmic	Nmic	Cmic_Nmic	Lumbricidae	Pauropoda	Symphyla	Chilopoda	Diplopoda	roots_Total_C	roots_Total_N	roots_CN_ratio	roots_Mass_loss_April_2012	roots_Mass_loss_October_2012	Res_14	plant_n	plant_c	plant_p	plant_k	plant_ca	plant_mg
AG01	AEG01	A19557	A	Leptosol	1,76	meadow	no_animals	2	yes	250	85,95	0,96	84,98	8,71	9,76	6,53	41,65	64,3	13,2	10,7	8,5	1,7	0,7	0,9	-28,03	2,49		38,58024691	72,16035635	13,50325926	28,63067901	42,13393827	25,28137857	163,3045019	57,55290836	929,1079002	148,8731519	6,240936586	637	64	764	159	32	40,27	1,403	28,69	11,8	18,03333333	132,2096	2,45615	44,441	0,32132	2,72949	0,89313	0,2167
AG02	AEG02	A39275	A	Leptosol	3,12	meadow	no_animals	3	yes	234	72,92	1,87	71,04	7,49	9,48	6,75	37,08	51,2	14,3	17,7	9,1	4,8	2,1	0,8	-27,26	0,62	1,56	39,31896781	71,77773534	5,249538707	45,45699282	50,70653152	13,66055187	131,6971015	55,77456951	938,423275	153,9089277	6,097263421	286	573	446	64	16	39,3	0,961	40,86	17,7	32,26666667	146,2181	2,97239	44,231	0,3412	3,0513	0,78881	0,2175
AG03	AEG03	A48112	A	Leptosol	2,03	meadow	no_animals	2	yes	92	59,81	0,28	59,53	5,83	10,21	6,22	56,94	67,2	8,7	12,5	8,6	2,4	0,6	0	-27,9	1,13		56,06451613	64,07606449	30,93877793	8,148997489	39,08777542	0	142,376326	55,63916435	798,8861078	113,2182946	7,056157407	541	0	64	0	16	40,28	0,941	42,8	10,533	14,63333333	47,67428	2,40623	44,823	0,27075	1,6943	0,94512	0,24691
AG04	AEG04	A31160	A	Leptosol	1,69	mowing_meadow	cattle	1	yes	240	44,53	0,22	44,31	4,83	9,17	5,08	49,28	48,8	10,8	16	15,9	5,4	2,4	0,7	-27,85	0,49	0,03	32,63102449	75,39714059	20,47136768	7,857563381	28,32893106	0	126,0521099	41,84685852	543,4150074	64,94855383	8,366853076	923	0	382	16	0	41,82	0,954	43,79	11,7	30,43333333	96,26097	2,43229	44,749	0,29391	1,78851	0,49834	0,20025
AG05	AEG05	A34237	A	Leptosol	1,78	mowing_meadow	cattle.horses	1	yes	296	90,77	0,57	90,19	8,72	10,34	6,14	56,3	36,5	12,7	16,3	22,8	11	0,7	0	-27,63	2,11		56,95625759	63,71201858	18,43294289	40,3126452	58,74558809	0	222,7375323	81,47191591	955,5888248	158,6473373	6,023352429	764	64	350	111	16	44,71	1,056	42,3	15,467	30,93333333	164,7652	2,70939	44,945	0,31138	1,99238	0,63723	0,24123
AG06	AEG06	A34651	A	Leptosol	2,47	mowing_meadow	cattle.horses	1	yes	209	83,14	0,4	82,74	8,21	10,07	5,87	43,41	58,8	8,6	17,3	12,1	2,7	0,5	0	-26,42	1,81	0,05	44,90797546	69,00931414	23,30699877	30,50602699	53,81302577	0	159,9012904	64,80740057	989,5675534	155,1548735	6,377934068	127	541	414	0	0	43,95	0,921	47,68	14,267	24,93333333	129,96665	2,55365	45,165	0,2564	1,35189	0,83346	0,28998
AG07	AEG07	A24854	A	Leptosol	0,58	pasture	sheep	0	no	13	86,32	33,51	52,8	4,64	11,37	7,11	34,57	38,5	13,1	16,3	13,3	9,3	9	0,5	-27,39	1,4	0,06	31,24685772	76,19230033	25,00363866	3,679622771	28,68326143	40,46540119	160,1144987	44,77906722	611,141106	85,64183795	7,136011097	318	2610	637	16	0	44	0,579	75,98	14,6	22,7	103,60317	1,53986	45,019	0,13605	0,65424	0,67765	0,20174
AG08	AEG08	A42131	A	Leptosol	1,35	pasture	sheep	0	no	100	86,63	0,48	86,14	7,68	11,21	6,52	57,56	67,3	13,2	12,4	6,3	0,8	0	0	-27,1	2,98	0,24	36,89956332	73,04625199	40,22656769	4,167222707	44,39379039	0	223,2729554	72,61231038	914,7906688	135,2691783	6,762742851	223	32	159	16	207	41,81	0,706	59,14	13,033	19,66666667	186,10378	1,90827	45,548	0,18172	1,73469	0,46847	0,17263
AG09	AEG09	A43687	A	Leptosol	0,65	pasture	sheep	0	no	32	71,21	0,93	70,27	5,9	11,91	6,7	38,98	55,6	13,4	14,4	13,9	1,6	1,1	0	-27,3	2,59	0,03	48,36118252	67,40307559	33,81330687	1,496950992	35,31025787	4,386539707	180,0129746	60,24710093	650,6298136	95,85743027	6,787473978	414	286	668	207	80	39,39	0,704	55,93	13,3	22,93333333	71,6302	1,81298	45,41	0,1727	1,19563	0,6776	0,21056
AG10	AEG10	A2277	A	Leptosol	0,93	meadow	no_animals	1	no	102	94,16	0,45	93,71	9,1	10,29	6,08	52,42	64,7	11,7	12,7	8,3	1,4	0,7	0,5	-28,08	5,66	0,59	108,5558583	47,94878495	39,33242887	9,215548993	48,54797786	0	221,1596968	77,46713862	1159,162034	177,7073659	6,522869932	541	1114	923	239	80	43,08	1	43,06	15,1	21,9	160,01758	1,83286	44,816	0,21011	1,30541	0,78093	0,24113
AG11	AEG11	A20470	A	Leptosol	1,9	meadow	no_animals	2	yes	169	62,91	0,31	62,61	6,02	10,39	5,49	52,62	64,3	13,9	9,6	9,2	2,2	0,4	0,4	-27,95	1,76		56,61509315	63,85080645	32,76437666	11,20640268	43,97077934	0	136,5718715	60,64701349	750,1536948	96,37430748	7,783751857	64	0	0	32	0	42,95	0,89	48,22	NA	21,13333333	126,98314	2,24375	44,694	0,25968	1,60643	0,80074	0,24438
AG12	AEG12	A20771	A	Leptosol	1,75	meadow	no_animals	2	yes	228	69,15	1,62	67,54	6,59	10,25	6,57	8,52	43,6	21,3	18,2	11,7	2,8	2,1	0,3	-28,06	1,5	0,35	35,66481994	73,71107708	16,24194358	21,86852038	38,11046396	0,285435528	139,7043832	48,14494299	623,4971455	100,2657366	6,218446766	318	1783	859	32	0	43,54	0,778	55,9	13,6	22,25	112,54481	2,05529	44,946	0,32269	2,43948	0,97088	0,26692
AG13	AEG13	A22610	A	Leptosol	1,75	meadow	no_animals	2	yes	297	68,88	0,44	68,43	6,58	10,39	5,95	39,19	64,3	10	12,3	8,8	2,6	1,3	0,7	-27,89	4,3	0,13	37,78244877	72,57818459	18,59306012	20,76784802	39,36090814	14,4138849	193,956568	55,17011643	692,3731961	91,08823819	7,601126225	637	668	64	64	16	42,96	1,161	36,98	12,267	22,2	159,16822	1,79159	44,503	0,29055	2,1439	0,52646	0,19205
AG14	AEG14	A46088	A	Leptosol	2,22	meadow	no_animals	2	yes	210	62,33	1,06	61,27	6,07	10,09	6,71	44,78	52,1	11,4	18,2	15,7	2,2	0,4	0	-27,67	0,89	0,23	34,66334165	74,25925926	13,18975741	21,30446566	34,49422307	10,75119929	172,8336125	49,7556549	694,7588792	112,01791	6,202212476	605	509	1592	32	0	41,9	0,948	44,17	13,8	22,1	128,68095	1,96942	44,246	0,26214	2,13893	0,984	0,2664
AG15	AEG15	A35767	A	Leptosol	2,59	meadow	no_animals	3	yes	264	63,9	0,28	63,62	6,51	9,77	5,68	48,43	64,2	10	14,6	9,4	1,5	0,3	0	-28,12	3,17		35,74203574	73,66914711	14,37459486	18,52797667	32,90257153	0	133,716971	47,79900277	743,9153274	90,29296211	8,238907108	637	32	955	80	16	40,71	0,704	57,76	11,833	32,73333333	91,0422	2,06365	44,949	0,29392	2,09919	0,65437	0,20073
AG16	AEG16	A36692	A	Leptosol	1,46	mowing_meadow	cattle.horses	1	yes	101	60,7	0,72	59,98	5,93	10,11	6,61	NA	52,8	13,2	16,8	14,9	1,9	0,4	0	-27,87	0,65		45,26924247	68,83769634	26,39997457	10,43047616	36,83045073	0,955144545	153,5437075	50,85969946	757,3629049	121,7057507	6,222901552	477	64	127	0	0	40,17	0,741	54,21	9,833	22,63333333	110,04413	1,86286	44,543	0,2668	2,38693	0,8051	0,21015
AG17	AEG17	A46114	A	Leptosol	2,19	meadow	no_animals	3	yes	61	67,23	2,55	64,68	6,54	9,89	6,86	41,25	61,8	10	15,7	10,8	0,9	0,5	0,3	-28,33	0,37		49,26747593	66,99383062	30,20471278	12,94742812	43,1521409	8,124889152	162,1168817	61,14296076	766,9041402	121,3834046	6,318031222	446	0	0	32	0	42,58	0,761	55,93	8,6	24,93333333	120,84698	2,07693	44,306	0,21937	1,38031	1,16499	0,28156
AG18	AEG18	A46500	A	Leptosol	2,41	meadow	no_animals	3	yes	175	66,09	3,94	62,14	6,31	9,84	6,87	41,5	64,9	15,6	7,7	9,9	0,9	0,6	0,4	-27,85	0,16		43,52104975	69,67619048	10,2739894	29,37960313	39,65359253	9,37163865	154,6389674	49,3130454	749,2834276	122,6814917	6,107550674	350	286	637	16	175	44,37	0,939	47,23	7,667	16,83333333	134,15369	2,23282	44,127	0,29524	2,63294	0,57986	0,20024
AG19	AEG19	A35463	A	Leptosol	1,76	mowing_meadow	cattle.horses	1	yes	130	78,05	0,38	77,67	7,64	10,17	5,85	64,44	63,7	14,1	10,5	8,1	2,7	0,9	0	-27,88	0,89		54,98452012	64,52257291	13,88983025	0	13,88983025	0	212,6172214	71,35620566	909,0079353	142,4475771	6,381350627	605	0	64	95	0	44,78	0,998	44,83	8,833	19,5	129,05632	2,53767	44,889	0,28343	1,62649	0,78119	0,27226
AG20	AEG20	A21699	A	Leptosol	1,94	pasture	cattle	0	yes	136	81,25	0,84	80,41	8,64	9,31	6,62	45,81	59,7	15,6	11,2	6,6	4,2	2,3	0,4	-28,11	0,48		68,52103121	59,33977456	21,75943555	38,26101493	60,02045047	12,36931574	206,2169385	72,38968017	1009,685948	183,582858	5,499892307	159	95	159	0	32	44,84	0,951	47,14	10,65	22,334	117,19982	1,62929	43,918	0,353	2,7908	0,97349	0,21674
AG21	AEG21	A21850	A	Leptosol	3,4	pasture	cattle.horses	0	yes	114	67,75	0,34	67,42	6,76	9,98	5,99	69,49	58,7	10,5	15,3	13,3	2,2	0	0	-27,69	0,52		27,74961987	78,27811942	26,19630651	27,90133132	54,09763783	0	168,3137683	58,06040043	717,1735177	104,1021444	6,889132994	191	859	191	0	0	43,68	1,305	33,44	14,7	20,36666667	93,58312	2,46286	44,027	0,31324	3,45236	0,99475	0,23032
AG22	AEG22	A45310	A	Leptosol	1,01	meadow	no_animals	1	no	77	53,56	0	53,56	4,8	11,16	5,88	38,93	70,8	11,4	8,4	7,2	1,4	0,8	0	-28,39	0,6	0,11	55,67200986	64,23762376	26,04392725	10,35218866	36,39611591	0	231,0475734	63,89537674	575,6761945	73,14048858	7,87082785	191	255	541	64	95	41,39	0,54	76,56	12,633	25,5	103,91482	2,03836	45,347	0,17632	1,53352	0,96886	0,22751
AG23	AEG23	A45122	A	Leptosol	1,17	meadow	no_animals	2	no	179	83,43	3,16	80,28	8,17	9,83	6,77	54,81	56,6	14,9	12,6	11,2	3,3	1	0,4	-28,33	0,99		48,16528926	67,49219099	18,48439693	35,2517935	53,73619042	27,61234304	220,3752488	68,25903773	1345,479686	184,6765365	7,285601686	446	0	0	48	0	43,32	0,91	47,59	10,9	37,889	145,12646	1,87525	44,457	0,32186	1,99805	0,98509	0,25135
AG24	AEG24	A42306	A	Leptosol	1,82	mowing_meadow	sheep	2	yes	342	80,7	0,47	80,23	7,78	10,31	6,08	23,23	63,8	14,5	9,9	8,5	2,6	0,7	0	-26,81	0,49		46,60992908	68,20820433	6,907217038	47,4600214	54,36723844	0	205,3704431	65,11961849	905,7144118	148,5172479	6,098378639	286	191	446	32	32	43,91	1,264	34,72	10,9	24,8	130,40071	2,78442	44,182	0,38082	3,15246	0,62673	0,24406
AG25	AEG25	A7116	A	Leptosol	0,74	pasture	sheep	0	no	14	99,27	17,13	82,13	7,29	11,27	6,97	47,58	46,3	17,1	13,9	9,6	6,7	6,4	0	-27,09	0,23	0,06	60,49889485	62,30572497	36,0729684	8,385706494	44,45867489	10,66590034	220,8788542	61,09727222	1021,601028	181,4101525	5,631443522	414	1146	0	207	80	43,57	0,992	43,91	9,033	18,73333333	129,46954	2,00527	45,292	0,15709	0,64236	0,7408	0,26098
AG26	AEG26	A28932	A	Leptosol	1,59	pasture	sheep	0	no	14	70,02	0,6	69,42	5,73	12,12	6,66	NA	67,9	10,4	6,9	6,8	2,8	4,4	0,8	-26,87	0,78		32,31382979	75,57788945	21,15433511	1,97412234	23,12845745	5,624177602	196,0307006	45,18058427	542,5715994	66,59391708	8,147464861	191	1337	159	16	0	44,49	0,467	95,09	7,3	NA	178,80834	1,86607	45,778	0,14576	0,87259	0,71987	0,1995
AG27	AEG27	A40320	A	Leptosol	1,42	pasture	sheep	0	no	20	89,96	0,49	89,47	7,69	11,63	6,15	45,56	57,6	19,5	12,9	8,6	1,1	0,3	0	-27,7	1,19		47,62166621	67,74073384	44,5902967	3,76354138	48,35383808	0	235,7206366	83,53713807	728,1366829	83,34812505	8,736089533	223	1019	828	111	48	41,97	0,653	64,2	5,133	39,56	165,88227	1,60904	45,884	0,13097	1,23163	0,78396	0,20984
AG28	AEG28	A42175	A	Leptosol	0,78	pasture	sheep	0	no	35	54,34	0,31	54,04	4,83	11,19	6,08	65,4	59,9	11,1	16,1	11,3	1,3	0,3	0	-27,69	0,62		36,74310745	73,12982853	24,32990139	3,06239055	27,39229194	0	137,4387848	44,01449629	618,493736	87,45779765	7,071910712	541	159	1814	143	0	42,27	0,771	54,82	5,2	NA	90,76007	1,76667	44,473	0,23023	1,63449	0,89618	0,23029
AG29	AEG29	A22026	A	Cambisol	1,34	mowing_meadow	cattle	1	yes	42	53,67	0,3	53,37	5,17	10,32	5,77	40,97	56,6	10	13,8	10,5	3,4	4,4	1,3	-27,85	1,1		24,13184226	80,55950688	28,10186337	3,54308452	31,64494789	0	172,1742245	53,67060851	610,3724098	84,80811023	7,197099525	446	573	446	80	32	42,41	0,76	55,78	11,5	23,66666667	124,83815	1,90561	44,439	0,18611	1,26419	0,99123	0,25579
AG30	AEG30	A36956	A	Leptosol	1,41	mowing_meadow	sheep	0	no	193	65,91	0,95	64,96	6,68	9,73	6,65	76,91	55,6	16,7	12,3	8,5	4,8	1,2	0,9	-27,65	0,78		32,35104379	75,55663872	19,5789636	18,14571154	37,72467514	0	155,8213738	52,34044587	657,3780719	106,1682181	6,19185368	637	191	0	143	16	42,7	1,199	35,59	8,05	23,05	136,96904	1,93619	45,269	0,2561	1,28365	0,98845	0,27597
AG31	AEG31	A37367	A	Leptosol	1,21	mowing_meadow	sheep	0	no	123	70,21	0,58	69,63	6,83	10,18	6,55	48,58	59,5	11,2	17,3	9,6	1,8	0,4	0,2	-28,01	1,88	0,44	31,05171122	76,30575677	17,43170865	12,02222884	29,45393749	11,48321224	174,8190727	45,87132246	714,5814111	109,8755919	6,503550047	318	32	509	255	80	42,31	1,111	38,06	13,25	23,26666667	-999999	1,51521	44,841	0,1833	1,32359	0,85532	0,2563
AG32	AEG32	A41172	A	Leptosol	0,66	pasture	sheep	0	no	56	42,05	0,26	41,79	3,93	10,64	5,3	24,58	46,1	9,6	19,5	17,5	5,1	1,5	0,7	-27,95	0,85		47,26287263	67,90577843	24,36825397	2,754006969	27,12226094	0	126,5253863	47,00134356	479,1452348	56,71755984	8,447916945	255	541	446	32	0	41,59	0,67	62,01	10,933	27,16666667	19,59369	1,81479	44,978	0,22122	1,27904	0,59161	0,20718
AG33	AEG33	A41959	A	Leptosol	1,12	pasture	sheep	0	no	39	49,21	0,28	48,93	4,61	10,61	5,98	23,07	59,7	10	19	9,8	1,1	0,4	0	-27,96	0,36		39,58815959	71,63931403	24,96394646	2,836431403	27,80037786	0	150,6481388	52,64125316	580,4391611	64,87796679	8,946629956	223	32	1241	32	0	41,04	0,745	55,04	20,767	26,46666667	68,6578	1,80757	44,336	0,25581	1,52073	0,55124	0,18532
AG34	AEG34	A43366	A	Leptosol	1,02	pasture	sheep	0	no	69	46,23	0,33	45,9	4,72	9,72	6,17	29,26	42,3	13,5	24,5	17,4	1,9	0,4	0	-27,77	0,68		36,74355495	73,1295892	16,56769065	2,682960459	19,25065111	0	114,320546	41,70800973	544,1220661	90,24872716	6,029138396	64	64	127	32	0	41,36	0,839	49,27	11,5	17,5	94,10039	1,86267	44,421	0,2827	1,73593	0,66264	0,20462
AG35	AEG35	A11495	A	Cambisol	1,71	meadow	no_animals	2	yes	151	39,54	0	39,54	4,03	9,81	5,67	55,62	44,6	12,1	20,4	17,8	2,9	1,4	0,8	-27,77	0,95	0,01	32,49530075	75,47437489	19,46955822	4,303130962	23,77268919	0	115,9971011	43,39961361	538,6001989	75,51277789	7,132570327	286	191	1719	302	0	39,17	0,847	46,23	12,333	28,43333333	82,39949	1,84963	44,464	0,27439	1,62563	0,86482	0,28838
AG36	AEG36	A13124	A	Cambisol	1,71	meadow	no_animals	2	yes	225	53,74	0,42	53,33	5,14	10,38	6,02	35,68	58,8	5,7	8,3	7,3	7,8	11,1	1	-27,89	0,11		37,51739493	72,71807326	21,53890216	10,41948166	31,95838382	0	145,390365	51,4898866	682,8697172	108,0581347	6,31946608	414	64	159	0	16	46,21	0,678	68,08	10,5	21,76666667	96,23494	2,10902	45,039	0,31285	1,51138	0,64218	0,26297
AG37	AEG37	A30361	A	Cambisol	1,71	meadow	no_animals	2	yes	242	63,43	0,43	63	6,31	9,99	6,1	45,4	56,6	8,6	13,3	11,5	4,9	4,5	0,6	-27,99	0,18		25,95010492	79,39651981	23,15718629	17,26020238	40,41738867	0	182,1576625	55,83626212	603,3732996	89,34607155	6,753215772	350	223	95	159	0	43,88	1,009	43,48	10,333	27,76666667	114,37023	2,28265	44,521	0,29955	2,63258	0,68223	0,22738
AG38	AEG38	A32042	A	Cambisol	1,38	meadow	no_animals	2	yes	142	49,45	0	49,45	5,13	9,64	5,51	68,47	45,1	10,3	20,6	15,9	6,2	1,6	0,3	-28,19	1,35		34,81519773	74,1756135	9,207878005	6,476522099	15,6844001	0	160,3690237	36,12672272	732,2906972	89,15316454	8,213849738	95	223	0	0	0	40,9	0,697	58,62	6,933	16,76666667	94,98272	NA	NA	NA	NA	NA	NA
AG39	AEG39	A32195	A	Cambisol	1,71	meadow	no_animals	2	yes	182	66,41	0,32	66,09	6,28	10,52	5,67	52,56	46,3	16,7	18,6	14	2,9	1,5	0	-27,98	0,85		31,0770074	76,29103073	21,6067339	11,94373691	33,55047081	0	157,5859787	52,15038112	561,4386402	69,19279369	8,114120131	573	1082	350	95	0	41,05	1,102	37,23	9,667	22,83333333	116,38682	2,21058	44,676	0,30541	2,49289	0,74613	0,19976
AG40	AEG40	A53417	A	Cambisol	1,63	meadow	no_animals	2	yes	77	69,95	1,6	68,34	7,02	9,74	6,71	69,58	69,8	6,8	12	8,1	1,8	1	0,5	-28,16	0,23		49,88385598	66,71832623	38,51115796	15,17424158	53,68539954	0,847910959	152,0675664	67,9255484	994,8016652	171,1686336	5,811822204	286	95	286	95	0	41,03	1,099	37,31	18,167	NA	122,29166	1,90415	44,625	0,34413	2,97258	1,19215	0,22927
AG41	AEG41	A28088	A	Cambisol	2,26	meadow	no_animals	3	yes	137	44,56	0,28	44,28	4,31	10,26	6,15	14,41	54,1	9,9	14,2	16,6	2,6	2	0,6	-27,87	0,96		32,14588634	75,67394095	13,5722372	10,27713679	23,849374	0	97,40432181	34,28912438	543,1083843	72,83712086	7,456477932	350	318	191	0	0	45,56	0,754	60,38	7,533	16,83333333	71,4125	2,46918	44,258	0,31688	2,48311	0,96273	0,25348
AG42	AEG42	A24657	A	Cambisol	2,34	mowing_meadow	cattle	1	yes	120	96,45	13,31	83,13	9,23	9	6,97	56,25	15,9	1,8	58,3	15,6	4,1	3,2	1,1	-27,86	1,44		45,47331171	68,74113116	9,219607287	36,39594024	45,61554753	13,17069486	181,5521976	55,86773957	1227,842093	222,325209	5,52272996	446	0	382	16	16	41,76	1,169	35,7	8,267	14,53333333	109,33129	2,14899	44,657	0,28357	2,04781	0,8536	0,23528
AG43	AEG43	A49542	A	Cambisol	2,07	mowing_meadow	sheep	1	yes	39	75,63	3,06	72,57	7,47	9,71	6,81	18,93	61,3	13,5	13,1	8,3	2,2	1,2	0,4	-27,97	0,38		52,88697789	65,40779429	17,32821007	30,18600491	47,51421499	4,397364829	184,4333561	56,12425675	833,1898218	141,1708095	5,901997906	509	0	255	48	0	44,99	0,965	46,61	3,6	18,7	102,15197	2,11229	43,438	0,28764	2,42689	1,22803	0,24568
AG44	AEG44	A33605	A	Cambisol	2,15	pasture	cattle	0	no	31	78,49	14,47	64,01	6,65	9,63	7,05	42,2	15,2	1	58,2	14,3	6	3,4	1,9	-28,07	1,81		37,58943313	72,68	15,41056522	20,39012297	35,80068819	16,71205283	196,0487115	53,81317761	998,5723685	156,7348448	6,371093612	477	0	318	16	32	42,27	1,082	39,04	21,3	NA	98,98107	2,10522	44,532	0,20396	1,0254	1,20901	0,32776
AG45	AEG45	A37099	A	Cambisol	1,31	meadow	no_animals	2	no	374	55,07	0,2	54,86	5,72	9,6	5,19	58,62	52,9	10,9	19,1	11,7	4,6	0,6	0,2	-28,15	0,42		50,89491917	66,27128372	24,99084378	11,5485713	36,53941509	0	159,2761018	56,49569281	684,2929459	92,00412791	7,437633087	350	64	0	0	0	42,54	1,335	31,85	5,833	12,96666667	54,29789	1,78549	44,048	0,37434	3,67813	0,85212	0,19265
AG46	AEG46	A33626	A	Cambisol	1,77	pasture	cattle.horses	0	no	107	71,91	0,23	71,68	7,25	9,88	5,68	40,53	65,9	8,4	12	8,3	3,1	1,8	0,5	-27,16	1,08		37,17303823	72,9006234	12,3824259	17,50901228	29,89143818	0	202,5505335	53,15175319	802,3889096	123,0823813	6,519120782	509	0	64	32	0	44,53	1,006	44,23	17,4	24,63333333	92,14982	2,10615	43,591	0,32409	2,20796	0,8021	0,21885
AG47	AEG47	A35283	A	Cambisol	0,71	pasture	sheep	0	no	11	104,4	45,38	59,05	5,47	10,8	7,19	53,75	14,6	3,8	49,6	17	10,2	4,1	0,7	-26,7	2,99		39,01249619	71,93597895	24,11305492	1,835020388	25,94807531	119,1892309	273,0453641	65,15870963	562,1802958	110,3870317	5,092811061	32	637	477	0	0	45,89	0,59	77,66	22,033	27,83333333	81,71697	1,67855	44,461	0,16022	1,18931	0,66821	0,16523
AG48	AEG48	A43134	A	Cambisol	0,73	pasture	sheep	0	no	3	97,98	54,58	43,39	3,38	12,84	7,3	29,2	29,5	11,1	34,4	11	9,4	3,8	0,8	-27,7	1,05		20,43467399	83,03256586	9,894912815	0,843042718	10,73795553	102,2528536	198,0988396	31,02129634	245,1715586	43,82052644	5,594902174	350	2005	318	0	0	44,35	0,451	98,13	12,133	37,56666667	53,34521	1,50085	45,804	0,12907	1,14358	0,84686	0,16542
AG49	AEG49	A43953	A	Cambisol	1,08	pasture	sheep	0	no	52	50,14	0,27	49,87	4,81	10,36	6,16	55,62	45,1	10,3	23,5	18,4	2,7	0	0	-27,9	0,85		44,76243401	69,07869482	15,65750486	1,33760489	16,99510975	0	203,3300806	49,84732205	480,4228537	74,36104913	6,4606788	573	700	223	48	16	46,14	0,629	73,35	23,467	NA	92,94635	NA	NA	NA	NA	NA	NA
AG50	AEG50	A38525	A	Cambisol	1,67	NA	NA	NA	NA	239	68,98	0,31	68,68	6,76	10,15	5,93	18,47	58,9	14,4	14,2	9,6	2	0,6	0,3	-28,17	1,15		54,94505495	64,53900709	25,95600013	7,989788875	33,94578901	0	236,3236896	65,07892037	658,9810583	100,1052989	6,582878882	987	0	255	16	16	45,08	0,919	49,04	10,033	21,43333333	100,08656	2,14889	44,857	0,32608	2,83586	0,41879	0,17473
HG01	HEG01	H4580	H	Cambisol	2,81	meadow	no_animals	2	yes	219	54,78	0,76	54,02	5,46	9,89	6,65	25,62	50,25	15,72	13,31	15,72	4,4	0,6	0	-28,3	5,85	0,01	22,57850509	81,58037164	9,043842105	11,58121716	20,62505927	0	206,5835617	39,98943074	844,3498423	157,5117361	5,360551938	95	414	0	175	16	43,46	1,249	34,79	5,6	22,967	116,65574	2,45902	45,458	0,30243	2,62605	0,53518	0,14699
HG02	HEG02	H8302	H	Vertisol	2,71	meadow	no_animals	3	yes	137	39,23	4,15	35,08	3,55	9,88	7,2	24,26	55,2	14,7	11,7	13,2	3	1,2	1	-27,82	2,65	0,46	19,01555607	84,02262973	3,727567216	11,36836592	15,09593313	29,57287146	161,2277575	28,44702896	601,4825231	99,09324895	6,069863785	64	32	0	48	0	35,1	1,407	24,93	5	16,267	64,27811	1,76211	44,043	0,31285	3,7617	0,86574	0,21225
HG03	HEG03	H8709	H	Vertisol	2,71	meadow	no_animals	3	yes	182	39,17	5,88	33,29	3,4	9,81	7,26	17,91	54,4	14,8	12,2	12,9	3,4	1,3	1	-28,05	4,16	0,58	19,18459796	83,90345876	4,921860466	7,291293052	12,21315352	57,33776324	139,3575218	22,52814752	562,5742805	104,1067295	5,403822436	95	191	32	32	0	39,31	1,034	38,01	3	11,733	129,09576	1,78888	43,716	0,35961	2,01234	0,52313	0,16442
HG04	HEG04	H20510	H	Stagnosol	2,08	mowing_meadow	cattle	1	yes	267	65,32	0,6	64,72	6,21	10,42	6,65	23,28	51,1	2,8	13,9	24,7	5,3	1,4	0,8	-27,31	10,03	0,99	23,10393258	81,23217342	7,565788144	17,28128332	24,84707147	0	250,3691938	45,69180451	993,2257438	163,1452382	6,087984881	32	0	0	32	0	39,26	1,605	24,46	17,9	25,6	-999999	2,7117	45,136	0,40707	3,26378	0,40915	0,20929
HG05	HEG05	H20816	H	Stagnosol	2,46	mowing_meadow	cattle	2	yes	108	48,4	4,8	43,6	4,44	9,82	7,09	81,92	45,4	17,9	15,3	16,5	4	0,4	0,5	-28,01	5,41	0,49	27,44947557	78,46246487	11,2028089	15,19707547	26,39988437	9,075747182	165,9768266	36,04492799	703,5762281	133,2199752	5,281311807	350	11555	191	64	0	37,75	1,429	26,41	NA	14,8	156,16602	1,95771	43,852	0,27505	1,64307	1,01997	0,25783
HG06	HEG06	H30409	H	Stagnosol	2,11	mowing_meadow	cattle	1	yes	248	20,77	0	20,77	2,01	10,33	5,96	46,73	25,7	9,4	19,2	41,2	3,3	0,6	0,6	-28,16	3,36	1,15	12,29606049	89,05031892	6,181886923	4,581499953	10,76338688	0	102,3024529	21,20138261	244,1953664	40,58416594	6,01701084	223	2833	446	80	16	32,33	1,233	26,21	1,3	15,4	70,50282	2,06846	45,27	0,29253	2,93067	0,42478	0,18221
HG07	HEG07	H12850	H	Stagnosol	1,65	pasture	cattle	0	no	58	57,9	2,41	55,48	5,7	9,73	6,99	48,37	53,6	15,1	11,5	16,8	1,7	0,5	0,8	-28	7,43	1,22	20,19694113	83,19679275	8,250644322	9,52458795	17,77523227	8,789664026	238,1667305	36,26629487	623,722305	129,6581433	4,810513936	32	668	127	32	48	41,68	1,099	37,89	14,6	17,1	135,35599	2,32154	44,846	0,27344	2,14152	1,00467	0,21319
HG08	HEG08	H14707	H	Stagnosol	1,59	pasture	cattle	0	no	106	60,63	3,59	57,04	5,78	9,86	7,17	52,74	49,3	12,77	11,78	20,56	2,69	1,4	1,5	-28,2	9,73	0,97	22,00989209	81,96056753	6,177284047	14,51442353	20,69170757	7,342145353	241,0782577	37,12748252	826,7645497	165,1414228	5,006403214	64	350	509	175	32	41,11	1,129	36,39	11,3	26,833	49,17544	1,96534	44,929	0,29559	2,14904	0,5736	0,18318
HG09	HEG09	H30212	H	Stagnosol	0,78	pasture	cattle	0	no	66	42,26	1,14	41,11	3,58	11,49	6,92	64,56	38,7	12,6	15,5	25,6	3,4	1,7	2,5	-28,49	7,26	1,25	19,82555398	83,45465276	20,29380889	0	20,29380889	0	242,3253597	46,88067249	478,4869206	88,37901133	5,414033415	95	446	159	159	0	40,34	0,962	41,92	9,5	22,033	150,48864	1,81806	45,631	0,26829	1,49302	1,06981	0,28701
HG10	HEG10	H22151	H	Vertisol	1,23	meadow	no_animals	1	yes	150	44,03	0,3	43,74	4,01	10,9	6,4	69,34	43,69	11,62	1,2	40,48	2,4	0,6	0	-28,1	5,59	1,11	20,45084825	83,02141617	12,55097839	3,28589914	15,83687753	0	174,8867633	34,14886426	576,7823349	100,0855153	5,762895192	446	1114	0	302	48	38,29	0,837	45,69	4,2	20,9	121,623	1,59587	45,069	0,30675	2,12359	0,42838	0,19752
HG11	HEG11	H24761	H	Stagnosol	1,2	meadow	no_animals	1	yes	75	65,07	8,44	56,64	5,45	10,4	7,25	41,28	55,2	15,3	12,6	12,6	1,9	1,3	1,1	-27,93	8,69	0,11	19,90237408	83,40118431	7,848155395	13,27844473	21,12660013	3,13228602	181,2744863	36,3673272	863,0966434	145,5205922	5,931096283	32	64	0	286	16	40,09	1,347	29,76	6,7	16,3	179,84296	1,71577	45,087	0,26278	1,54294	0,55186	0,1928
HG12	HEG12	H20116	H	Stagnosol	3,08	mowing_meadow	cattle	1	yes	201	78,38	3,49	74,89	7,86	9,53	6,98	51,68	49,7	12,6	13,7	18,5	3,9	0,8	0,8	-28,19	4,48	0,6	24,73035439	80,17294626	2,27057073	28,53568713	30,80625786	0	207,063574	54,30099642	1050,234356	182,0766694	5,768088575	127	286	0	0	0	40,94	1,592	25,7	10,7	15,767	49,47565	2,57969	44,499	0,39154	2,6755	0,93356	0,22111
HG13	HEG13	H4651	H	Stagnosol	1,86	mowing_meadow	cattle	3	no	186	38,26	2,82	35,44	3,57	9,93	7,17	NA	39,4	11,8	15,7	26,1	4,1	1	1,9	-27,7	4,61	0,53	16,26976186	86,00688468	6,241190237	21,15181515	27,39300538	3,102874955	144,0527059	35,48604149	530,8133692	97,30336872	5,455241439	191	0	732	0	16	41,64	0,858	48,49	5,3	16,467	58,93533	1,99525	44,983	0,30499	2,60897	0,65877	0,19924
HG14	HEG14	H19568	H	Stagnosol	2,04	mowing_meadow	sheep	1	yes	233	39,21	0,33	38,88	3,61	10,75	6,28	51,88	44,96	11,79	14,89	22,38	5,19	0,4	0,4	-27,74	4,38	0,57	18,05225653	84,7082495	6,990496293	7,586391035	14,57688733	0	113,0776315	28,58967881	448,5004597	71,34287509	6,286548714	64	95	0	127	16	39,54	0,963	41,05	7,3	13,867	84,81581	1,92489	45,392	0,31762	2,08836	0,49746	0,1972
HG15	HEG15	H16781	H	Stagnosol	1,91	mowing_meadow	sheep	1	yes	117	55,11	1,79	53,32	5,24	10,16	7,1	79,21	52,75	15,38	13,99	14,09	2,9	0,4	0,5	-27,96	3,73	1,15	25,67446043	79,5706619	10,2412662	28,69377006	38,93503626	0	133,1352735	52,56028534	638,4295804	103,6599296	6,158884952	223	668	0	111	16	38,96	1,379	28,25	11,4	13,133	146,59249	2,07575	45,223	0,22334	2,40373	0,84974	0,23865
HG16	HEG16	H12643	H	Stagnosol	1,06	pasture	sheep	0	no	85	64,89	0,85	64,04	6,39	10,02	6,61	43,28	55,56	15,82	12,01	12,71	3,4	0,5	0	-28,5	5,41	1,17	24,49788584	80,32264912	9,334250626	14,65044635	23,98469697	0	119,6414565	35,68574519	703,7603152	111,9015101	6,289104722	477	764	64	0	0	41,92	1,125	37,26	7,8	18,7	201,87863	1,94285	43,503	0,35445	2,24804	0,81738	0,20571
HG17	HEG17	H14529	H	Stagnosol	0,68	pasture	sheep	0	no	123	54,11	0,94	53,17	4,96	10,71	6,99	60,16	54,76	13,64	10,03	18,36	3,21	0	0	-28,31	11,91	1,57	29,72907005	77,08372531	14,46919958	15,48184203	29,95104161	0,978666028	125,410289	41,89030258	739,6628572	115,8631643	6,383934546	955	1082	0	0	0	31,81	0,905	35,14	12	25,3	203,08874	1,5971	44,104	0,26257	1,35546	0,90533	0,2143
HG18	HEG18	H16581	H	Vertisol	0,75	pasture	sheep	0	no	61	66,61	18,47	48,14	4,1	11,74	7,32	42,12	45,7	14,2	14,5	15,9	4,9	2,9	1,9	-27,81	6,39	1,53	19,31111111	83,81449059	26,27575812	1,857330096	28,13308822	18,3398733	198,2078315	50,66159774	533,25013	85,71693244	6,22105942	350	1846	64	159	16	38,13	0,836	45,59	15,7	28,233	147,07929	2,23557	45,651	0,24837	2,12545	0,93952	0,26186
HG19	HEG19	H20606	H	Stagnosol	0,68	pasture	sheep	0	no	113	62,68	0,5	62,18	5,71	10,89	6,59	45,99	48,55	11,51	14,21	17,02	8,11	0,6	0	-28,52	9,96		33,10482719	75,12875536	21,10961293	12,33282099	33,44243392	0	101,6467748	46,29082619	647,2275087	100,5273487	6,438322677	637	32	0	16	0	36,6	1,061	34,47	7	21,767	157,98429	1,94933	45,089	0,29792	1,91111	0,60905	0,20024
HG20	HEG20	H30205	H	Stagnosol	0,66	pasture	sheep	0	no	91	27,23	0	27,23	2,34	11,66	5,4	32,35	23,85	6,99	23,85	35,13	9,08	0,7	0,4	-28,6	12,67	2,06	12,08674014	89,21661909	11,15399755	1,948470161	13,10246772	0	131,622845	31,6269926	308,271304	40,93766718	7,530260643	509	2578	0	0	0	37,62	0,949	39,62	9,1	14,033	37,03596	1,75198	46,123	0,20592	1,69007	0,64789	0,20201
HG21	HEG21	H30909	H	Stagnosol	0,71	pasture	sheep	0	no	74	42,07	10,33	31,73	3,02	10,5	7,33	21,98	31,1	21,3	22,6	19,2	3,6	1,1	1,1	-27,95	5,67		23,11493018	81,22491712	11,00378907	4,171600692	15,17538976	27,63617621	135,5047315	32,0216646	417,5008305	71,36293557	5,85038756	255	95	159	207	0	38,46	0,637	60,31	9,7	25,367	114,33626	1,81932	44,746	0,27907	2,1119	0,74318	0,19851
HG22	HEG22	H37447	H	Cambisol	1,41	mowing_meadow	sheep	1	yes	169	50,12	2,24	47,88	4,94	9,7	6,92	41,97	44,6	12,8	13,5	20,4	6,1	1,4	1,2	-27,95	5,77	0,81	22,71179225	81,49176062	3,159290441	17,4756662	20,63495664	0	160,0486727	39,3433273	592,9864666	101,6310618	5,834697152	95	446	64	255	80	39,64	0,93	42,59	4	13,133	54,89713	2,30221	44,592	0,34852	3,32818	0,85618	0,24195
HG23	HEG23	H20426	H	Stagnosol	1,48	mowing_meadow	cattle	1	no	71	50,17	3,09	47,08	4,75	9,9	7,2	50,4	58,8	14,8	14,2	8,5	2,8	0,4	0,5	-28,46	1,58	1,32	20,92249168	82,69760126	10,93299222	11,71249258	22,64548481	25,82262833	134,5366089	33,97494543	624,4214377	106,2842585	5,875013353	32	923	0	32	0	37,85	0,995	38,04	9,5	17,267	137,55857	1,8897	45,307	0,2932	2,21612	1,31567	0,2644
HG24	HEG24	H20438	H	Stagnosol	1,63	mowing_meadow	cattle	1	no	143	48,98	0,81	48,17	5,08	9,48	6,63	NA	54,45	12,49	11,59	16,28	4,2	0,6	0,4	-28,27	4,45	0,08	27,46643316	78,45202656	15,06812731	16,90101108	31,96913839	0	96,43334426	45,04379069	575,2947502	100,1781798	5,742715142	95	2037	0	48	0	39,53	1,304	30,31	13,8	21	75,04904	2,04884	44,338	0,3482	3,16955	1,11585	0,21323
HG25	HEG25	H37029	H	Cambisol	1,81	pasture	sheep	0	no	52	59,54	4,34	55,2	5,6	9,87	7,26	46,58	42,3	20,9	19,2	13	3,4	0,7	0,5	-28,08	6,07	0,88	29,24294904	77,37366003	18,0392278	12,58562359	30,62485139	18,20047519	122,0150616	44,14960105	574,5869771	104,5027977	5,498292773	191	318	2228	271	32	41,36	1,016	40,68	16,8	23,633	118,65164	2,00224	45,496	0,2729	1,85588	0,88933	0,26138
HG26	HEG26	H2815	H	Cambisol	1,2	meadow	no_animals	1	yes	132	56,14	8,66	47,48	4,7	10,1	7,29	18,37	48,1	13	15,9	16,9	3,9	1	1,2	-27,98	6,82	0,9	22,81111977	81,42585149	7,574801118	5,6277047	13,20250582	24,17063902	153,8856472	33,52444628	662,9557801	100,3449923	6,606764973	191	732	1273	159	32	41,7	0,85	49	11,8	30,2	92,49118	1,64214	44,961	0,30093	2,07113	0,82353	0,18548
HG27	HEG27	H20121	H	Cambisol	1,74	meadow	no_animals	1	yes	182	48,76	4,28	44,49	4,26	10,43	7,29	52,73	49,2	13,3	13,9	20	2,7	0,5	0,4	-28,05	6,61	0,94	22,63642488	81,54184215	13,79753923	9,574929877	23,3724691	16,02938491	245,9425044	44,35903592	681,0596576	131,7766196	5,168289029	159	127	0	143	0	41,16	1,201	34,27	10,4	19,3	188,41241	1,90494	44,282	0,35907	2,87811	0,72489	0,19942
HG28	HEG28	H20535	H	Cambisol	2,01	mowing_meadow	cattle	1	yes	45	38,19	6,12	32,08	3,26	9,85	7,22	27,3	53,6	16,9	10,7	13,3	4	0,7	0,8	-27,62	3,88		15,63991323	86,47533296	14,97363168	29,8976325	44,87126419	24,90462861	170,1647107	57,80939911	452,952618	78,28833888	5,785697136	32	0	0	32	48	42,55	1,767	24,06	0,5	14,267	66,81246	2,45412	44,519	0,26116	2,22671	0,94652	0,19907
HG29	HEG29	H20537	H	Cambisol	1,94	mowing_meadow	cattle	1	yes	86	30,56	1,02	29,54	2,87	10,28	7,12	18,61	46,9	14	14,6	21,5	1,7	0,5	0,8	-27,84	9,6	1,2	14,58171458	87,27396022	8,945087164	7,504418049	16,44950521	0	153,3179867	29,37272235	368,7369824	65,81444451	5,6026756	191	5634	382	32	48	41,37	0,945	43,75	5,8	28	73,49516	2,21276	44,491	0,29898	1,44133	0,70555	0,15928
HG30	HEG30	H20825	H	Cambisol	2,38	mowing_meadow	cattle	2	yes	65	40,15	4,64	35,51	3,67	9,67	7,11	41,71	40	14,1	19,6	21,1	3,1	0,7	1,4	-27,94	5,01	2,45	13,41819146	88,16927753	8,725241571	15,05278278	23,77802435	9,137208279	196,3224219	43,90968473	347,0015591	61,06863797	5,682156516	64	1178	764	0	0	41,79	1,393	29,98	8,3	12,533	68,87786	2,31584	45,273	0,22067	2,81988	1,09988	0,25318
HG31	HEG31	H20003	H	Cambisol	1,99	mowing_meadow	cattle	2	yes	160	46,29	5,26	41,03	4,09	10,02	7,15	33,3	23,72	18,92	28,73	25,03	3,2	0,4	0	-27,68	5,35	2,17	22,56648593	81,5883716	8,458600696	12,27682415	20,73542484	0,416262014	180,3624322	37,41991212	570,0859207	112,9545634	5,04703753	95	1528	541	80	159	40,75	1,327	30,7	10	21,333	98,51512	2,24263	44,785	0,29896	1,74335	0,87178	0,2992
HG32	HEG32	H20106	H	Cambisol	2,16	mowing_meadow	cattle	1	yes	436	40,19	0,22	39,97	3,79	10,54	5,53	29,4	34,1	7,52	21,97	34,7	1,71	0	0	-28,15	7,97	0,24	22,1889803	81,84044073	13,49897306	4,540977632	18,03995069	0	153,9452595	38,12276484	404,8444653	56,31599561	7,18880064	127	223	446	16	16	38,44	1,078	35,65	8,2	19,9	115,95118	1,94066	45,633	0,30616	2,96647	0,15942	0,11791
HG33	HEG33	H20508	H	Cambisol	2,01	pasture	cattle	0	yes	229	40,08	0	40,08	3,84	10,45	5,02	38,95	35,3	9,2	18	34,6	2,5	0,4	0	-28,03	6,9	0,25	16,11321596	86,12284069	12,30268273	22,9238131	35,22649583	0	159,0721152	60,00642592	414,3293617	57,12179332	7,253437568	127	1273	0	32	16	40,74	1,951	20,87	9,3	17,233	91,76413	3,02039	44,703	0,35856	2,70825	0,75983	0,2226
HG34	HEG34	H30402	H	Cambisol	2,11	mowing_meadow	cattle	1	yes	96	35,28	1,33	33,95	3,4	9,97	7,06	33,61	44,8	10,9	14,1	21,9	6,9	0,8	0,6	-28,2	3,25	0,43	17,30337079	85,24904215	5,006295047	13,11365545	18,11995049	1,430482937	122,9561837	29,6113262	438,4971613	75,8354352	5,782219884	255	32	0	95	0	37,9	1,352	28,03	7,1	25,2	61,70447	2,61474	44,305	0,31763	2,67183	0,84633	0,2755
HG35	HEG35	H30417	H	Cambisol	2,28	mowing_meadow	cattle	1	yes	248	50,8	5,05	45,74	4,79	9,56	6,97	21,5	30,7	9,3	15,9	32,8	7,9	1,4	2	-28,1	5,17	1,69	14,40483636	87,40889213	2,315785466	10,02835793	12,3441434	2,760174629	209,5316673	29,11510346	661,8055336	118,6057139	5,57987901	191	3947	1464	159	32	41,63	1,049	39,67	2,6	20,7	62,64165	2,28628	45,008	0,29142	2,8614	0,85827	0,219
HG36	HEG36	H20241	H	Cambisol	2,09	mowing_meadow	sheep	1	yes	185	63,76	10,7	53,06	5,32	9,97	7,25	81,5	6,08	0,2	75,17	11,47	3,49	1,79	1,79	-28,02	4,35	1,47	24,72242783	80,17804154	8,145138144	15,05832414	23,20346229	18,33814728	182,1878441	39,5248931	843,5383783	146,9444692	5,740524861	32	95	0	16	16	43,74	0,973	44,92	7	19,833	92,83579	2,56408	44,257	0,34642	2,52955	0,82099	0,22511
HG37	HEG37	H20245	H	Cambisol	2,13	mowing_meadow	sheep	1	yes	184	66,94	14,32	52,61	5,39	9,75	7,41	65,96	6	0,7	75,1	8,3	4,6	2,1	3,2	-28,15	2,43	0,97	24,52221395	80,30695635	8,624316299	21,67608909	30,30040539	21,77146389	179,4096491	49,12133051	758,4653597	132,4755561	5,725323087	0	0	0	32	0	39,92	1,498	26,65	16	24,933	145,94499	3,23289	44,826	0,37079	2,57993	0,67883	0,23886
HG38	HEG38	H20433	H	Cambisol	1,78	pasture	cattle	0	no	101	33,77	5,44	28,33	2,84	9,98	7,29	30,37	31	9,9	24,6	27,7	5,2	0,8	0,8	-28,09	3,91	3,18	17,09401709	85,40145985	5,398915541	7,156584873	12,55550041	21,09392563	127,9520387	24,42128596	440,8776951	76,26542633	5,780833023	191	0	828	80	80	38,7	1,001	38,63	5,5	8,533	99,7952	1,67204	44,933	0,29242	2,2804	1,01104	0,21306
HG39	HEG39	H20436	H	Cambisol	1,33	pasture	cattle	0	no	228	38,87	0,43	38,44	3,9	9,85	6,46	53,07	35,17	9,52	18,94	25,35	10,52	0,5	0	-28,44	5,18	0,63	24,65044019	80,22434566	8,738172846	10,50805739	19,24623024	0	90,31894171	30,23088267	452,3875272	77,22932644	5,857716855	159	6398	64	80	32	40,41	1,07	37,73	7,5	20,58	14,74201	2,64248	44,773	0,31131	2,44192	0,9604	0,3094
HG40	HEG40	H30615	H	Cambisol	1,7	pasture	cattle	0	no	198	61,48	1,07	60,41	5,99	10,08	6,73	NA	27,45	21,96	22,55	20,16	7,09	0,4	0,4	-28,44	4,8	3,01	23,83673469	80,75148319	3,674499833	12,14006022	15,81456005	0	161,8750218	34,29353107	756,5368585	131,1338785	5,769194562	0	64	0	127	0	42,3	1,201	35,2	3,6	17,6	144,25757	1,88831	44,292	0,33704	2,95006	0,76807	0,18837
HG41	HEG41	H888	H	Cambisol	0,66	pasture	sheep	0	no	47	41,98	2,17	39,81	3,52	11,29	7,21	53,75	51,8	2,6	16,4	22,7	5,3	0,6	0,6	-27,94	5,58	0,56	18,18029771	84,61647325	11,46235374	3,415498892	14,87785263	8,971119316	178,7122915	34,00577041	480,1419187	78,76966498	6,095518101	32	191	1464	159	0	41,68	0,812	51,28	8,3	22,233	144,35804	2,06076	45,184	0,24884	1,96399	0,93726	0,2081
HG42	HEG42	H13708	H	Cambisol	0,68	pasture	sheep	0	no	47	44	2,19	41,81	3,83	10,91	7,15	29,53	43,46	11,69	17,08	23,18	3,8	0,4	0,4	-28,15	4,63	0,42	28,6002886	77,76032316	17,45755185	6,026415084	23,48396693	6,599811978	96,60817139	37,71436635	501,9699934	77,17213179	6,504550046	95	1814	0	286	32	40,18	0,84	47,78	6,6	19,9	72,83682	2,31527	45,75	0,22904	1,91709	1,14571	0,28397
HG43	HEG43	H19577	H	Cambisol	0,95	pasture	sheep	0	no	95	46,85	1,44	45,41	4,07	11,16	7,16	37,89	37,49	23,13	15,25	20,34	2,99	0,4	0,4	-27,66	10,64	2,77	25,39261677	79,74951204	19,88951181	2,309059162	22,19857098	14,24140018	232,7653035	50,21960997	561,2332381	84,17334423	6,667588692	0	1528	350	48	64	40,32	0,865	46,58	10,7	31,3	152,03792	1,70038	45,924	0,19873	1,72237	0,62334	0,16346
HG44	HEG44	H20215	H	Cambisol	0,78	pasture	sheep	0	no	53	84,38	4,81	79,57	7,7	10,32	7,15	50,19	7,89	6,49	57,94	20,78	5,19	0,4	1,3	-27,11	8,91	0,2	19,88278706	83,41481079	12,6130026	1,130923099	13,7439257	39,07494096	310,6556265	47,54035811	690,7392418	127,2894011	5,426525977	64	191	32	95	0	43,44	1,106	39,26	9,1	19,2	173,19336	1,77652	46,03	0,17262	1,43626	0,69113	0,18871
HG45	HEG45	H20258	H	Cambisol	0,79	pasture	sheep	0	no	125	44,99	0,55	44,44	4,27	10,39	6,73	29,47	49,05	10,07	17,35	19,24	3,49	0,4	0,4	-28,39	7,55	1,62	23,62497099	80,88980665	22,0396977	7,072969652	29,11266735	0	141,2659888	48,17191735	561,4014779	85,3507522	6,577580905	159	16266	32	159	32	40,21	0,919	43,75	7,2	16,233	157,77166	1,92225	44,861	0,26652	2,40583	0,68002	0,21187
HG46	HEG46	H30915	H	Cambisol	0,76	pasture	sheep	0	no	81	47,28	21,44	25,83	2,48	10,4	7,45	22,2	39,5	14,7	8	30,4	4,7	1,3	1,4	-27,32	2,6	0,02	19,91172143	83,39468303	10,91662219	5,289704899	16,20632709	38,21262687	100,332032	30,71268137	411,6130738	64,39690562	6,39181448	286	191	32	64	16	40,2	0,772	52,02	10,2	27,2	70,60574	1,66745	45,387	0,17421	1,57826	0,48236	0,18055
HG47	HEG47	H2818	H	Cambisol	1,58	mowing_meadow	cattle	1	no	134	58,25	3,16	55,09	5,57	9,89	7,09	53,8	48,3	14	14,3	19,4	2,9	0,4	0,7	-27,99	7,86	0,47	23,64414843	80,87726048	9,463436045	15,57261535	25,0360514	5,74436108	138,444591	42,6536454	796,9249336	133,8860488	5,952262696	127	2865	32	127	0	40,72	1,187	34,29	12,8	13,4	139,18837	1,81957	45,146	0,28452	2,5251	0,73282	0,15784
HG48	HEG48	H5053	H	Cambisol	1,55	mowing_meadow	cattle	1	no	90	42,18	0,54	41,64	4,03	10,33	6,8	40,6	46,36	12,36	17,55	18,74	4,19	0,4	0,4	-27,81	6,38	0,72	19,41124391	83,7442076	7,840208275	13,39515405	21,23536232	0	125,2502911	33,26460099	625,5748275	94,62463556	6,611120072	223	1846	0	48	0	41,98	0,93	45,11	1,3	18,633	111,69508	1,94695	45,069	0,30556	2,4874	0,8243	0,16744
HG49	HEG49	H8020	H	Cambisol	1,37	mowing_meadow	cattle	1	no	301	47,17	0,67	46,5	4,65	10	6,63	35,58	43,01	11,88	16,17	21,86	6,29	0,4	0,4	-28,11	5,62	0,05	22,99818016	81,30201591	4,136981912	19,26045425	23,39743616	0	140,6983601	39,60189783	572,061671	91,7035706	6,238161364	318	159	0	255	80	41,92	0,825	50,78	15,4	22,45	115,17825	1,83755	44,92	0,31858	2,50807	0,3559	0,15774
HG50	HEG50	H15457	H	Cambisol	1,39	mowing_meadow	cattle	1	no	151	45,95	0,59	45,36	4,42	10,27	6,85	53,78	64,34	13,84	10,86	8,67	1,49	0,4	0,4	-27,91	3,71	0,9	20,26578073	83,14917127	7,662863524	9,448019476	17,110883	0,005196886	118,1211402	26,50175505	548,5757938	85,86449879	6,38885455	0	573	0	430	32	42,91	1,003	42,78	6,4	25,433	40,33587	1,87121	45,241	0,27918	2,40936	0,62925	0,16409
SG01	SEG01	S1029	S	Histosol	3,03	meadow	no_animals	3	yes	137	218,5	14,93	203,5	19,1	10,65	7,24	34,21	23,3	2,3	30,1	14,2	14,3	13,1	2,7	-28,25	3,57	1,8	122,7731092	44,88872124	16,02901336	35,43956276	51,46857612	63,09779394	769,9055948	128,4553248	1454,979851	254,6880122	5,712792835	255	0	0	0	0	45,2	1,625	27,8	14,53	24,1	140,90104	2,74421	43,589	0,34942	1,93503	1,06141	0,35897
SG02	SEG02	S573	S	Histosol	2,82	meadow	no_animals	2	yes	138	171,2	42,76	128,4	12,7	10,1	7,32	47,3	19,8	2,6	37,7	12,4	8,9	16,6	2	-27,98	3,96	0,48	92,13973799	52,04545455	20,36182158	40,30903594	60,67085753	120,2586634	932,3928015	143,0020312	1101,603839	208,587924	5,281244562	350	0	0	16	0	44,91	1,44	31,18	19,7	26,7	140,32144	2,57564	43,35	0,34239	1,79113	1,0999	0,36829
SG03	SEG03	S526	S	Histosol	2,82	meadow	no_animals	2	yes	187	135,5	45,7	89,82	8,89	10,1	7,42	24,61	8,9	2,7	42	15,3	16	12,8	2,3	-28,58	6,52	2,32	76,19949495	56,75385167	8,02060101	35,4795303	43,50013131	149,3435298	516,382384	86,48289542	736,7396825	136,0404592	5,41559244	318	0	0	80	0	41,59	1,627	25,55	11,37	32,45	101,05337	3,10362	44,82	0,28923	1,60514	1,14119	0,38863
SG04	SEG04	S712	S	Histosol	1,08	mowing_meadow	cattle	1	no	203	210,5	69,4	141,1	13,9	10,15	7,35	43,28	16,3	5,5	44,6	18,5	5,7	7,3	2,1	-28,06	6,74	3,76	105,2964043	48,71005917	38,34658186	21,65241917	59,99900103	115,7645751	691,5858893	136,9107487	1091,937743	169,8465529	6,428966169	605	95	32	0	0	43,1	1,64	26,27	27,13	32,45	146,29634	2,68419	44,114	0,25581	1,31866	0,80065	0,30527
SG05	SEG05	S667	S	Gleysol	1,18	mowing_meadow	cattle	1	no	168	181,2	66,56	114,7	11,51	9,96	7,42	18,62	16,2	9,8	23,5	24,2	17,1	6,2	3	-27,96	1,46	0,62	82,91775214	54,66937945	30,69359881	31,79110532	62,48470413	122,0419955	665,0109475	121,7299474	715,1641558	136,5045215	5,239124299	223	32	159	0	0	43,33	2,435	17,79	20,43	32,45	105,51855	3,33687	44,426	0,34445	1,34569	1,37052	0,43408
SG06	SEG06	S1012	S	Histosol	1,38	mowing_meadow	cattle	1	no	100	284,5	3,95	280,6	22,51	12,46	5,54	26,81	24,8	7,8	14,1	6,5	7,9	22,1	16,8	-28,37	3,01	1,02	139,7773279	41,70536091	35,65280469	7,895165563	43,54797025	0	1035,437156	149,704978	811,2414471	91,69354582	8,847312424	0	0	0	0	0	45,54	1,589	28,66	NA	NA	286,20179	2,32001	44,126	0,34272	1,17271	0,88321	0,29241
SG07	SEG07	S570	S	Histosol	1,35	pasture	cattle	0	no	347	174,5	59,42	115	11,04	10,42	7,3	NA	15,7	2	53,8	9	5,3	11,4	2,8	-28,19	14,56	1,23	51,27359904	66,10538827	22,41874738	15,10920707	37,52795445	96,87471907	694,3469386	115,6849625	798,8122755	149,0371239	5,359820791	350	0	0	0	0	43,96	1,586	27,7	16,67	34,5	152,29122	2,73629	43,847	0,39164	2,76172	0,87429	0,25311
SG08	SEG08	S652	S	Gleysol	1,08	pasture	cattle	0	no	192	157,2	78,55	78,71	7,34	10,71	7,34	20,8	11	4,7	53,5	13,1	6	9,2	2,5	-27,92	14,76	1,43	58,97767713	62,9019129	20,31240679	10,19737292	30,50977971	96,62053987	435,7829438	79,09426359	617,32888	103,4084814	5,969808974	541	32	0	64	16	42,86	0,918	46,68	15,37	NA	84,7139	2,06245	44,481	0,21794	1,11162	0,76438	0,1754
SG09	SEG09	S990	S	Histosol	1,31	pasture	cattle	0	no	175	233,6	4,11	229,4	18,2	12,6	6,56	48,08	17,1	5,7	6,5	2,1	5,4	45	18,2	-28,29	12,25	0,53	107,735697	48,13809154	30,25293196	19,61190342	49,86483537	0	830,9188125	138,4279834	1315,626323	180,715327	7,280103712	255	0	0	0	0	43,67	1,894	23,05	22,4	NA	196,84541	2,81416	43,879	0,32177	2,47985	0,66888	0,24255
SG10	SEG10	S502	S	Histosol	2,82	meadow	no_animals	2	yes	123	205,4	58,16	147,3	14,21	10,36	7,4	27,53	18,3	10,3	15,2	26,1	20,1	6,8	3,2	-28,17	4,05	1,65	115,4298643	46,41881958	31,06477207	41,31966232	72,38443439	176,9059012	748,1333994	167,7888087	1085,697496	213,5382771	5,084322638	1019	0	0	0	0	44,47	1,759	25,27	10,23	34,5	128,55033	3,62816	43,925	0,31217	1,14169	1,4172	0,45644
SG11	SEG11	S505	S	Gleysol	2,82	meadow	no_animals	2	yes	99	183,8	71,32	112,5	11,48	9,8	7,43	31,14	13,7	7,8	21,3	26,1	19,7	7,7	3,7	-28,27	2,37	0,23	94,35918706	51,45113103	19,3699026	34,3827421	53,7526447	181,3360264	741,2724598	138,8640041	897,5729341	163,8538395	5,477887712	764	95	32	0	0	43,57	1,589	27,41	15,63	32,95	119,62728	2,73098	43,553	0,29415	1,32751	1,0575	0,39991
SG12	SEG12	S561	S	Histosol	3,03	meadow	no_animals	3	yes	112	144,4	38,59	105,8	10,65	9,93	7,37	18,83	13,8	0,8	44,7	9,3	12,8	13	5,6	-28,23	1,85	0,05	92,61430246	51,91722459	11,40676908	20,03496621	31,44173529	139,5650062	737,2460992	107,3245638	959,2591712	180,3161765	5,319873067	159	0	0	80	0	39,82	1,53	26,02	12	32,26	112,01399	2,41459	43,305	0,34481	1,92024	0,95715	0,33247
SG13	SEG13	S719	S	Cambisol	2,18	meadow	no_animals	2	yes	196	35,92	2,65	33,27	3,37	9,89	7,13	17,85	4,1	0,7	24,3	7,4	15	30,7	17,8	-28,67	4,96	0,88	9,186295503	91,58658561	4,680957025	14,64826044	19,32921746	3,267502593	179,1442559	37,89175457	459,5096131	79,4984276	5,780109456	318	414	32	334	16	41,09	1,727	23,79	18,2	35,3	76,20948	1,4992	44,232	0,2635	1,23716	0,56934	0,19958
SG14	SEG14	S1028	S	Gleysol	1	pasture	cattle	0	no	240	172,3	68,55	103,8	10,45	9,94	7,35	16,02	16,9	17,4	27,9	17,2	10,5	7,3	2,8	-28,62	5,35	1,04	93,21880651	51,75479644	22,53258122	14,2501273	36,78270852	136,0534958	666,818873	113,9104007	968,3365663	170,0306161	5,695071796	446	32	0	0	0	39,83	1,254	31,74	19,87	32,43	179,26871	1,86212	43,043	0,31784	1,5242	0,77243	0,27219
SG15	SEG15	S658	S	Histosol	1,18	mowing_meadow	cattle	1	no	206	193,4	57,21	136,2	14,09	9,67	7,37	33,56	19,1	1,4	50,2	7,7	8,1	11,8	1,7	-28,43	5,08	3,83	100,0551572	49,9862145	23,84752928	12,91807456	36,76560384	123,0450896	847,5730885	131,1149838	1258,071504	212,4328075	5,922209094	223	32	0	0	0	46,98	1,124	41,79	11,13	28,85	132,0755	2,26495	44,06	0,30754	1,07298	0,81376	0,34886
SG16	SEG16	S706	S	Gleysol	0,94	mowing_meadow	cattle	1	no	297	200,9	60,07	140,8	13,97	10,07	7,4	60,65	17,8	2,8	53,6	9,1	6,6	8,5	1,6	-28,18	1,92	1,26	84,68118196	54,14736842	24,17107309	16,08203733	40,25311042	78,8601353	757,4295847	118,7897402	842,6118244	168,7508259	4,993230818	95	0	255	32	0	47,22	1,813	26,04	10,97	28,85	73,29957	2,67973	44,756	0,29163	1,28724	1,26325	0,42397
SG17	SEG17	S1015	S	Histosol	1,08	mowing_meadow	cattle	1	no	85	355,8	4,11	351,7	27,77	12,66	5,03	66,76	37,4	5,7	19,9	9,2	16,1	7,7	4	-28,45	4,97	0,75	208,4888621	32,41608119	51,71507285	13,14162553	64,85669837	0	1407,173231	227,8868786	1520,731008	202,9725446	7,492299076	191	32	0	32	0	48,13	1,435	33,53	NA	NA	363,0146	2,39555	44,15	0,33426	1,01396	0,80929	0,30512
SG18	SEG18	S1039	S	Luvisol	1,24	meadow	no_animals	1	no	153	14,87	0	14,87	1,21	12,3	5,14	12,42	6,5	1,9	2,1	4,9	21,3	53,5	9,8	-28,07	6,7	0,47	3,201754386	96,89757756	3,663353293	1,191454985	4,854808278	0	71,9488047	15,03162621	133,9564689	17,73557076	7,55298325	0	127	0	0	0	44,96	1,086	41,36	13,37	30,87	40,63479	1,20103	44,708	0,20042	1,7408	0,35964	0,08693
SG19	SEG19	S676	S	Gleysol	1,41	pasture	cattle	0	no	281	101,4	25,68	75,74	7,51	10,09	7,33	3,55	8,7	4,7	24,7	25,9	16,7	16,6	2,7	-28,09	10,78	5,12	64,93834967	60,62871382	10,34118964	10,91460168	21,25579132	149,8611014	340,3061717	54,69807533	718,1545565	126,4720777	5,678364503	414	64	0	32	0	44,43	0,832	53,39	13,97	28,7	109,48248	1,72746	42,771	0,27593	1,93657	0,68126	0,21263
SG20	SEG20	S980	S	Histosol	0,92	pasture	cattle	0	no	191	276	6,49	269,5	21,54	12,51	6,59	43,45	30,7	3,2	17,9	9,3	4,2	23,1	11,6	-28,47	7,73	0,63	123,0962343	44,82370593	29,96628619	16,12539582	46,09168201	5,245264103	1119,571628	160,2863204	1062,768463	163,7715582	6,489334747	127	191	0	0	0	45,89	1,76	26,06	20,3	NA	165,18837	2,16341	44,377	0,30549	1,25765	0,77765	0,27827
SG21	SEG21	S988	S	Gleysol	1,18	pasture	cattle	0	no	164	283	2,71	280,3	21,84	12,83	5,35	27,91	27,8	9,1	15,1	6,8	9,8	21,1	10,3	-28,36	14,1	0,35	50,28275212	66,5412355	22,95064358	26,91631381	49,86695739	0	424,2030405	85,92429441	541,3673473	81,10373739	6,67499877	64	382	0	0	0	46,68	2,186	21,35	22,47	34,1	78,01121	2,10951	44,73	0,32083	2,68951	0,83875	0,22829
SG22	SEG22	S999	S	Gleysol	1,36	pasture	cattle	0	no	380	107,9	44,61	63,35	6,53	9,7	7,28	NA	9,3	3,2	44,9	15,5	9,6	13,9	3,6	-28,67	6,34	2,37	49,98613806	66,6728281	13,65246956	22,12332846	35,77579803	120,1590265	197,5739966	43,97316726	898,3814072	152,3239333	5,897834883	859	32	0	32	0	46,1	1,312	35,12	14,33	34,1	123,71488	1,85939	42,745	0,35126	2,6607	0,70206	0,20234
SG23	SEG23	S612	S	Histosol	1,39	meadow	no_animals	2	no	187	296,6	3,68	292,9	20,71	14,14	5,2	14,76	37,3	16,9	21,8	7,4	8,6	6	2	-27,18	11,36	0,08	82,79646018	54,70565453	11,04076025	9,93157614	20,97233639	0	441,8540845	73,11078467	446,7860916	42,80760846	10,437072	64	0	0	0	0	47,16	1,661	28,39	19,87	NA	134,83327	2,2305	44,248	0,2908	1,19347	0,55377	0,28777
SG24	SEG24	S761	S	Histosol	1,75	meadow	no_animals	2	no	63	232,1	28,81	203,3	20,16	10,08	7,07	28,04	28,3	1	39,3	10,1	7,4	11,7	2,2	-28,2	2,32	1,68	148,7046632	40,20833333	35,75781731	25,60092757	61,35874488	175,4128584	1409,229322	206,6093385	1187,094309	233,4940732	5,084044716	191	0	0	0	0	46,49	1,481	31,37	17,03	28,8	165,27306	2,74942	44,858	0,24018	0,56749	0,80665	0,39114
SG25	SEG25	S1007	S	Histosol	1,25	meadow	no_animals	2	no	91	202,3	4,56	197,8	16,21	12,19	6,31	38,89	17,6	5,7	11,7	3,2	5,2	32,5	24,1	-28,1	3,36	0,01	114,8813803	46,53730345	24,77556632	16,26592122	41,04148754	5,533006447	937,1220371	130,0461998	756,0159494	127,1265591	5,946955184	318	0	0	0	0	45,5	1,571	28,96	17,23	26,63	163,2848	2,34054	43,892	0,3546	1,24053	1,00162	0,32604
SG26	SEG26	S1022	S	Histosol	1,49	meadow	no_animals	2	no	157	305	7,94	297,1	24,17	12,29	7,14	35,36	42,7	7,2	16,5	11,6	11,9	7,7	2,4	-27,97	10,24	0,12	161,4947966	38,24167873	37,91413578	22,90297739	60,81711317	105,9309982	916,8820563	154,3696407	1329,260349	217,9137376	6,099938278	127	0	0	0	0	44,58	1,323	33,68	24,53	25,45	85,25803	2,6389	44,099	0,20642	1,10279	0,82588	0,27099
SG27	SEG27	S1051	S	Histosol	1,68	meadow	no_animals	1	no	68	370,8	11,29	359,5	24,69	14,56	5,76	34,46	41,6	5,1	27,7	8,9	6,6	8,7	1,4	-28,14	1,23	0,03	188,9175258	34,61195361	32,41654639	24,30374227	56,72028866	0	1578,333113	198,8792179	674,18127	124,7405808	5,404666753	64	0	0	16	0	48,55	2,02	24,03	16,33	29,05	204,94175	2,59998	45,217	0,33327	1,19076	1,20763	0,37659
SG28	SEG28	S1042	S	Histosol	1,05	meadow	no_animals	2	no	230	202,3	56,98	145,3	13,63	10,66	7,3	22,87	17,5	1,6	43,9	19,6	7,9	7,7	1,8	-27,98	1,05		105,2590874	48,71891485	43,44684859	68,84074008	112,2875887	143,7049085	777,5598887	195,1286762	877,4723045	177,8576716	4,933564557	223	0	0	0	0	44,66	1,645	27,14	19,33	32,65	70,73187	3,26888	44,175	0,37428	1,93743	0,96418	0,31968
SG29	SEG29	S1043	S	Histosol	1,25	meadow	no_animals	1	no	111	181	49,45	131,6	12,94	10,16	7,39	66,88	19,52	0	57,86	11,61	6,21	3,9	0,9	-28,15	4,11	0,08	131,8497914	43,13137373	19,67941029	17,18470654	36,86411683	249,4697826	941,2960595	134,8403169	1094,420797	214,9148857	5,092345247	223	32	0	0	0	43,01	1,495	28,76	12,03	32,65	147,42923	1,79421	44,005	0,23198	1,18479	1,1332	0,32197
SG30	SEG30	S690	S	Albeluvisol	1,33	meadow	no_animals	1	no	227	31,96	2,56	29,4	2,79	10,52	7,09	27,41	14,6	8,3	12,9	13,1	20,7	23,9	6,5	-28,05	9,33	0,45	9,660144181	91,19083396	5,737597578	6,130039317	11,86763689	0,95847928	177,9038603	25,31891993	389,3843309	60,94322379	6,389296574	318	95	828	0	16	38,81	0,87	44,56	13,93	28,17	11,69796	1,26784	43,658	0,25482	2,35052	0,41333	0,06775
SG31	SEG31	S698	S	Cambisol	1,33	meadow	no_animals	1	no	188	28,79	0,36	28,43	2,64	10,77	6,24	20,93	18,2	5,9	7,5	14,7	24,8	25,8	3,1	-28,34	11,57	1,41	9,938208033	90,96018735	8,974547595	1,944485312	10,91903291	0	156,2744282	25,88092724	287,423591	40,90515979	7,026585215	286	0	923	143	0	38,59	0,92	41,91	11,6	28,1	86,93486	1,81965	44,752	0,29789	2,09769	1,1919	0,22787
SG32	SEG32	S701	S	Luvisol	1,33	meadow	no_animals	1	no	259	24,18	0	24,18	2,3	10,5	5,91	16,16	19	5,4	7,4	10,6	21,8	27,5	8,3	-28,21	5,6	0,88	8,367098865	92,27893064	5,887779243	2,137378724	8,025157967	0	123,2075587	19,69002108	272,1148655	41,4426311	6,566061523	286	350	637	0	32	43,93	0,913	48,1	11,93	30,13	56,54058	1,43411	43,827	0,26696	2,34161	0,65112	0,16009
SG33	SEG33	S732	S	Albeluvisol	1,94	mowing_meadow	cattle	1	yes	243	18,22	0	18,22	1,75	10,41	5,71	19,69	11,8	4,8	6,5	15,2	25,9	29,4	6,4	-28,69	3,05	1,93	13,4331645	88,15763929	19,63850571	8,815661961	28,45416767	0	81,37597369	38,35844218	197,4520844	33,7278772	5,854269549	286	923	32	16	0	46,6	1,288	36,16	NA	28,5	53,91282	2,01949	44,412	0,31421	3,7606	0,92593	0,27918
SG34	SEG34	S738	S	Albeluvisol	2,23	mowing_meadow	cattle	1	yes	203	18,41	0	18,41	1,74	10,59	5,58	19,4	13,8	4,7	8,1	14,5	22,6	28	8,3	-28,5	3,82	2,47	7,455289808	93,0619611	6,278174803	3,537069956	9,815244759	0	86,30474359	19,27683409	187,603479	31,01795764	6,048221524	191	2260	1401	32	48	46,1	1,292	35,67	11,2	25,93	50,15838	1,93602	44,119	0,34849	2,79433	0,74786	0,19943
SG35	SEG35	S770	S	Luvisol	2,24	mowing_meadow	cattle	1	yes	128	22,83	0	22,83	2,15	10,62	5,97	17,64	20	4,4	7,6	11,8	18,5	29,2	8,5	-28,33	8,14	5,69	7,952701136	92,63316151	4,093725988	3,580140389	7,673866376	0	91,69390657	14,90901032	252,7358156	41,54130335	6,083964518	350	700	159	80	95	38,98	1,109	35,13	13,7	19,5	58,34604	1,65504	43,315	0,27163	2,64927	0,82961	0,21769
SG36	SEG36	S1035	S	Albeluvisol	1,45	pasture	cattle	0	no	250	24,58	0,29	24,28	2,41	10,09	6,2	16,1	13,9	5,5	7,5	17,1	21,4	27	7,6	-28,99	5,55	0,12	12,00156372	89,28446771	7,694991155	5,417750059	13,11274121	0	116,7646118	25,96820511	304,9572721	56,13810625	5,432268603	700	32	0	0	0	44,09	1,529	28,82	16,47	25,06	57,78221	1,80228	43,945	0,3304	2,46503	0,64599	0,17943
SG37	SEG37	S1036	S	Albeluvisol	1,58	pasture	cattle	0	no	NA	12,22	0	12,22	1,16	10,51	4,58	45,8	9,3	0	2,7	7,2	21,8	47,2	11,8	-28,11	9,88	0,57	3,257846643	96,84494036	5,881965047	1,298809541	7,180774588	0	76,39046396	16,70602365	116,0247715	15,72237648	7,379595042	64	32	0	0	0	45,13	1,658	27,21	16,07	27,75	34,74624	NA	NA	NA	NA	NA	NA
SG38	SEG38	S1044	S	Cambisol	2,3	mowing_meadow	cattle	1	no	164	22,82	0	22,82	2,18	10,46	5,17	23,95	8,91	0	2,6	4,6	16,42	53,55	13,91	-28,78	13,85	0,53	4,570985861	95,62882015	5,02441671	1,132121811	6,156538521	0	109,8634725	19,58984444	168,0095125	27,40866619	6,129795276	223	1783	191	32	0	41,65	1,431	29,09	22,03	27,75	48,74901	1,60921	44,22	0,25517	2,73235	0,47451	0,16018
SG39	SEG39	S780	S	Cambisol	1,42	pasture	cattle	0	no	114	22,29	5,42	16,87	1,63	10,34	7,07	18,99	22,5	3,6	9	11,1	19,7	26,1	8	-28,58	3,48	0,88	7,635675221	92,90599961	4,451801432	3,947062041	8,398863473	58,24955714	154,920507	19,37200783	270,5987104	43,55486968	6,212823328	414	1687	95	0	32	45,59	1,022	44,6	11,27	NA	49,51712	1,49184	43,285	0,31586	2,98836	0,66545	0,14841
SG40	SEG40	S850	S	Luvisol	1,82	pasture	cattle	0	yes	79	21,3	0	21,3	2,03	10,49	5,76	14	9,8	2,3	5,1	11,8	27,5	36	7,5	-28,79	12,87	0,02	5,040682675	95,20120914	4,3908001	2,33479053	6,72559063	0	89,98855605	15,89134509	219,549848	33,81697497	6,492297085	32	1369	32	0	16	37,71	1,584	23,8	14,3	24,31	44,7724	1,98942	43,843	0,30377	2,62194	0,79277	0,17587
SG41	SEG41	S974	S	Luvisol	1,91	pasture	cattle	0	yes	247	20,73	0	20,73	1,99	10,41	5,3	15,76	13,6	2,8	5,8	9,9	22,6	39,7	5,6	-28,59	10,24	2,16	6,519950638	93,87912724	5,010938523	1,225229479	6,236168002	0	85,57837731	15,89976696	175,9607487	27,0317473	6,509410833	286	191	32	0	95	41,26	1,115	37	16,3	19,5	44,67206	1,47699	42,706	0,30827	3,21935	0,70713	0,18904
SG42	SEG42	S1045	S	Luvisol	2,31	pasture	cattle	0	no	51	18,64	0	18,64	1,85	10,06	5,08	17,32	11,7	1,9	7,7	19,3	25,9	31,9	1,6	-28,81	3,07	0,06	5,005065856	95,23350058	17,22281671	2,412882364	19,63569908	0	94,00807518	30,07092115	167,1215377	21,91315016	7,62654098	32	32	0	0	48	39,33	1,471	26,73	NA	21,23	44,25497	3,07195	44,492	0,35065	3,17091	0,88831	0,28506
SG43	SEG43	S1046	S	Luvisol	1,71	pasture	cattle	0	no	43	19,81	0,3	19,51	1,93	10,12	5,94	12,4	13,1	2,3	3,7	6,1	17,2	48,3	9,3	-28,88	6,85	4,45	5,836254898	94,48558067	10,04190437	2,633366532	12,67527091	0	103,381158	23,85355061	194,1619036	28,51636165	6,808789494	64	223	223	16	0	41,65	1,38	30,17	11,8	26,04	40,59685	2,06235	43,909	0,29969	2,50136	0,58046	0,18055
SG44	SEG44	S1047	S	Cambisol	1,24	pasture	cattle	0	no	183	21,83	0	21,83	2,15	10,15	5,41	24,97	11,3	2,7	5	11,2	18,1	42,1	9,6	-28,9	9,31	0,05	5,82278481	94,49760766	21,16953101	5,207824005	26,37735501	0	93,45060412	36,47938413	227,380381	39,14078922	5,809294743	255	1019	318	0	16	33,52	1,571	21,32	NA	NA	35,79393	1,45294	43,907	0,33826	2,78906	0,71063	0,15673
SG45	SEG45	S1048	S	Albeluvisol	1	pasture	cattle	0	no	206	18,91	0	18,91	1,85	10,21	5,26	16,63	10	1,6	4,2	17,6	34,5	29,1	3	-28,97	11,24	4,42	5,951679434	94,38264739	7,652341437	1,543371068	9,195712505	0	63,55482964	17,23904097	217,7231879	29,87583256	7,287602362	32	0	0	0	0	30,55	1,223	24,97	17,27	23	56,1803	1,56902	44,597	0,3216	3,619	1,02173	0,20573
SG46	SEG46	S779	S	Cambisol	1,5	pasture	cattle	0	no	63	24,3	0	24,3	2,3	10,58	5,37	26,53	14,6	2,8	7,5	10,7	22,7	32,1	9,6	-28,19	17,71	1,02	10,97832692	90,10768388	10,44036643	1,028217906	11,46858434	0	114,4477263	25,7475606	297,3450252	42,81874139	6,944272894	64	95	64	0	0	30,64	1,175	26,07	16,87	23	50,78808	2,34816	43,505	0,31834	2,57702	0,64881	0,22121
SG47	SEG47	S801	S	Luvisol	1,31	pasture	cattle	0	no	222	23,34	0,32	23,03	2,18	10,55	6,17	17,2	18,6	5,3	7,8	12,4	23,1	24	8,8	-28,92	3,28	0,88	10,31085814	90,65290732	5,930150916	3,593269411	9,523420327	0	104,1909423	18,67409694	276,9655635	45,30195287	6,113766538	382	828	32	32	0	39,36	1,196	32,9	NA	27,1	15,54204	2,15324	44,211	0,33322	2,79001	0,57848	0,17844
SG48	SEG48	S995	S	Luvisol	1,45	pasture	cattle	0	no	55	18,16	0,62	17,54	1,73	10,11	6,73	16,02	13	2,6	4,7	4,7	16,2	43,2	15,6	-28,34	6,6	2,85	4,224548049	95,94668614	3,19805456	1,246190274	4,444244834	6,694625152	137,6582524	16,43323561	232,5239411	37,39243459	6,218475572	32	64	32	48	0	42,53	1,097	38,76	17,67	28,9	47,84799	1,78211	43,856	0,29175	2,1444	0,61232	0,17905
SG49	SEG49	S1033	S	Albeluvisol	1,61	pasture	cattle	0	no	317	20,98	0	20,98	1,97	10,66	5,98	27,65	10,6	1,4	6	29,8	41,6	8,7	1,9	-28,88	8,03	0,79	7,521008403	93,00508011	6,81464169	2,160375817	8,975017507	0	111,2774322	22,09856746	261,739871	43,22164752	6,05575877	255	286	0	0	16	39,3	1,28	30,68	16,23	27,78	51,63478	1,50648	44,517	0,31169	2,43888	0,80357	0,20792
SG50	SEG50	S1052	S	Cambisol	1,43	pasture	cattle	0	no	50	23,05	0	23,05	2,13	10,84	5,07	17,18	9,2	1	2,3	7,9	22,7	47,1	9,8	-28,39	53,4	6,85	5,182205395	95,07311586	6,755504101	1,728614285	8,484118386	0	90,57052952	20,09906505	224,353467	33,42139333	6,71286995	159	127	0	32	0	28,76	1,304	22,05	21,93	27,03	42,01491	1,91641	44,394	0,27142	2,32493	0,57525	0,18974
